117,35
9,3
8,8
8,17
8,16
8,10
8,4
8,11
8,1
8,14
8,2
8,3
0,320
12,2
12,1
12,3
20,2
20,1
20,3
19,2
19,1
19,3
115,4
115,3
115,2
115,1
115,0
114,3
114,2
114,1
114,0
113,3
113,2
113,1
113,0
112,3
112,2
112,1
112,0
111,3
111,2
111,1
111,0
110,3
110,2
110,1
110,0
109,4
109,3
109,2
109,1
109,0
108,5
108,4
108,3
108,2
108,1
108,0
107,4
107,3
107,2
107,1
107,0
106,4
106,3
106,2
106,1
106,0
105,4
105,3
105,2
105,1
105,0
103,4
103,3
103,2
103,1
103,0
102,4
102,3
102,2
102,1
102,0
101,4
101,3
101,2
101,1
101,0
100,4
100,3
100,2
100,1
100,0
99,4
99,3
99,2
99,1
99,0
98,5
98,4
18,1
98,3
98,2
98,1
18,3
98,0
96,4
96,3
96,2
96,1
96,0
95,4
95,3
95,2
95,1
14,3
95,0
92,4
13,1
92,3
92,2
92,1
13,3
92,0
89,3
89,2
89,1
89,0
87,4
87,3
87,2
87,1
87,0
86,4
86,3
86,2
86,1
